DecisionTree — Multi Classification Report
============================================================
              precision    recall  f1-score   support

           0       1.00      1.00      1.00    284501
           1       0.55      0.97      0.70       216
           2       1.00      1.00      1.00     19202
           3       0.98      0.99      0.99      1543
           4       0.99      1.00      1.00     25927
           5       0.95      1.00      0.97       784
           6       0.99      0.99      0.99       808
           7       1.00      1.00      1.00       889
           8       1.00      1.00      1.00         1
           9       1.00      0.83      0.91         6
          10       0.89      0.95      0.92       294
          11       1.00      0.99      0.99       483
          12       0.75      0.68      0.71       220
          13       0.50      0.33      0.40         3
          14       0.35      0.51      0.42        98

    accuracy                           1.00    334975
   macro avg       0.86      0.88      0.87    334975
weighted avg       1.00      1.00      1.00    334975
