LogisticRegression — Multi Classification Report
============================================================
              precision    recall  f1-score   support

           0       1.00      0.72      0.84    284501
           1       0.02      0.96      0.03       216
           2       0.91      0.98      0.94     19202
           3       0.33      0.96      0.49      1543
           4       0.84      0.94      0.89     25927
           5       0.28      0.91      0.43       784
           6       0.36      0.95      0.53       808
           7       0.07      1.00      0.14       889
           8       0.50      1.00      0.67         1
           9       0.00      1.00      0.00         6
          10       0.02      0.86      0.03       294
          11       0.26      0.92      0.40       483
          12       0.01      0.28      0.03       220
          13       0.00      1.00      0.00         3
          14       0.03      0.83      0.05        98

    accuracy                           0.75    334975
   macro avg       0.31      0.89      0.36    334975
weighted avg       0.97      0.75      0.84    334975
