RandomForest — Multi Classification Report
============================================================
              precision    recall  f1-score   support

           0       1.00      1.00      1.00    284501
           1       0.58      0.80      0.67       216
           2       1.00      1.00      1.00     19202
           3       1.00      1.00      1.00      1543
           4       1.00      1.00      1.00     25927
           5       0.96      0.98      0.97       784
           6       1.00      1.00      1.00       808
           7       1.00      1.00      1.00       889
           8       1.00      1.00      1.00         1
           9       0.83      0.83      0.83         6
          10       0.93      0.93      0.93       294
          11       1.00      0.99      0.99       483
          12       0.78      0.69      0.73       220
          13       1.00      0.67      0.80         3
          14       0.43      0.52      0.47        98

    accuracy                           1.00    334975
   macro avg       0.90      0.89      0.89    334975
weighted avg       1.00      1.00      1.00    334975
