XGBoost — Multi Classification Report
============================================================
              precision    recall  f1-score   support

           0       1.00      1.00      1.00    284501
           1       0.87      0.67      0.76       216
           2       1.00      1.00      1.00     19202
           3       1.00      1.00      1.00      1543
           4       1.00      1.00      1.00     25927
           5       0.96      1.00      0.98       784
           6       1.00      1.00      1.00       808
           7       1.00      1.00      1.00       889
           8       1.00      1.00      1.00         1
           9       1.00      1.00      1.00         6
          10       0.93      0.93      0.93       294
          11       1.00      0.99      1.00       483
          12       0.75      0.91      0.82       220
          13       1.00      0.67      0.80         3
          14       0.57      0.27      0.36        98

    accuracy                           1.00    334975
   macro avg       0.94      0.89      0.91    334975
weighted avg       1.00      1.00      1.00    334975
